22
A.fumigatus_EAL89712.1_PpoA 0.0000000 1.1195512 1.0735552 1.0476487 0.3002933 1.8869683 1.5902574 1.1969990 0.2786687 1.0794812 1.4817476 0.2387668 1.1235272 1.8566476 0.2394930 1.1235272 1.8566476 1.0772801 0.3155725 1.0170800 1.9521471 1.0487397 
A.fumigatus_EAL84400.2_PpoB 1.1195512 0.0000000 0.7328828 0.7419453 1.1538412 1.9314370 1.8357180 0.8292440 1.1095301 0.3301508 1.5976887 1.0803530 0.6909089 1.9182446 1.0805410 0.6909089 1.9182446 0.3283922 1.1011593 0.5955451 1.9358504 0.7298731 
A.fumigatus_EAL92371.2_PpoC 1.0735552 0.7328828 0.0000000 0.4643087 1.1047417 1.8308541 1.6546152 0.4932126 1.0798081 0.6137883 1.5929624 1.0900453 0.4803886 1.8294675 1.0922277 0.4803886 1.8294675 0.6124804 1.0581940 0.6897363 1.8175487 0.4098355 
A.niger_CAK37756.1          1.0476487 0.7419453 0.4643087 0.0000000 1.1013508 1.8222386 1.7181808 0.3786897 1.0766048 0.6320711 1.5878163 1.0605609 0.3798114 1.8619547 1.0612120 0.3798114 1.8619547 0.6294857 1.0695977 0.6931990 1.8001674 0.3202685 
A.niger_CAK38852.1          0.3002933 1.1538412 1.1047417 1.1013508 0.0000000 1.9204503 1.6041239 1.2656518 0.3484313 1.1155228 1.4451845 0.2944277 1.1824226 1.9021572 0.2952917 1.1824226 1.9021572 1.1114608 0.3643082 1.0699532 1.9722077 1.1104962 
A.niger_CAK41061.1          1.8869683 1.9314370 1.8308541 1.8222386 1.9204503 0.0000000 2.1984913 1.8428626 1.8031296 1.7475732 1.9343340 1.8828302 1.8245450 0.4919265 1.8892986 1.8245450 0.4919265 1.7410689 1.8457046 1.8508272 0.2368148 1.7625573 
A.nidulans_CBF69709.1       1.5902574 1.8357180 1.6546152 1.7181808 1.6041239 2.1984913 0.0000000 1.7765113 1.5784773 1.6612973 0.7951638 1.5588920 1.7085898 2.1712717 1.5670280 1.7085898 2.1712717 1.6634823 1.6270105 1.5965655 2.2293228 1.6971602 
A.nidulans_CBF76249.1       1.1969990 0.8292440 0.4932126 0.3786897 1.2656518 1.8428626 1.7765113 0.0000000 1.2234600 0.6868337 1.5983643 1.2257502 0.4168897 1.8470735 1.2274094 0.4168897 1.8470735 0.6853671 1.1922705 0.7444430 1.8644054 0.3876383 
A.nidulans_CBF85912.1       0.2786687 1.1095301 1.0798081 1.0766048 0.3484313 1.8031296 1.5784773 1.2234600 0.0000000 1.0740893 1.4250035 0.3061935 1.1585219 1.8308549 0.3068836 1.1585219 1.8308549 1.0701589 0.3105387 1.0584245 1.8459358 1.0692848 
A.oryzae_OOO07742.1         1.0794812 0.3301508 0.6137883 0.6320711 1.1155228 1.7475732 1.6612973 0.6868337 1.0740893 0.0000000 1.5131863 1.0661718 0.5896373 1.7528876 1.0652677 0.5896373 1.7528876 0.0009781 1.0368654 0.5167558 1.7553578 0.5855906 
A.oryzae_OOO07799.1         1.4817476 1.5976887 1.5929624 1.5878163 1.4451845 1.9343340 0.7951638 1.5983643 1.4250035 1.5131863 0.0000000 1.4458163 1.5742384 2.0166597 1.4456481 1.5742384 2.0166597 1.5153482 1.4548144 1.4848720 2.0207914 1.5519279 
A.oryzae_OOO09892.1         0.2387668 1.0803530 1.0900453 1.0605609 0.2944277 1.8828302 1.5588920 1.2257502 0.3061935 1.0661718 1.4458163 0.0000000 1.1051665 1.8569521 0.0029488 1.1051665 1.8569521 1.0640081 0.2593844 1.0203119 1.8930486 1.0808172 
A.oryzae_OOO10188.1         1.1235272 0.6909089 0.4803886 0.3798114 1.1824226 1.8245450 1.7085898 0.4168897 1.1585219 0.5896373 1.5742384 1.1051665 0.0000000 1.8714427 1.1073812 0.0000010 1.8714427 0.5890569 1.0875128 0.6889534 1.8274961 0.2602424 
A.oryzae_OOO11534.1         1.8566476 1.9182446 1.8294675 1.8619547 1.9021572 0.4919265 2.1712717 1.8470735 1.8308549 1.7528876 2.0166597 1.8569521 1.8714427 0.0000000 1.8634182 1.8714427 0.0000010 1.7493988 1.8046471 1.8098330 0.4998521 1.8860846 
A.flavus_RAQ42372.1         0.2394930 1.0805410 1.0922277 1.0612120 0.2952917 1.8892986 1.5670280 1.2274094 0.3068836 1.0652677 1.4456481 0.0029488 1.1073812 1.8634182 0.0000000 1.1073812 1.8634182 1.0631049 0.2601725 1.0215334 1.8993085 1.0830087 
A.flavus_RAQ45225.1         1.1235272 0.6909089 0.4803886 0.3798114 1.1824226 1.8245450 1.7085898 0.4168897 1.1585219 0.5896373 1.5742384 1.1051665 0.0000010 1.8714427 1.1073812 0.0000000 1.8714427 0.5890569 1.0875128 0.6889534 1.8274961 0.2602424 
A.flavus_RAQ46208.1         1.8566476 1.9182446 1.8294675 1.8619547 1.9021572 0.4919265 2.1712717 1.8470735 1.8308549 1.7528876 2.0166597 1.8569521 1.8714427 0.0000010 1.8634182 1.8714427 0.0000000 1.7493988 1.8046471 1.8098330 0.4998521 1.8860846 
A.flavus_RAQ53268.1         1.0772801 0.3283922 0.6124804 0.6294857 1.1114608 1.7410689 1.6634823 0.6853671 1.0701589 0.0009781 1.5153482 1.0640081 0.5890569 1.7493988 1.0631049 0.5890569 1.7493988 0.0000000 1.0347299 0.5162693 1.7489432 0.5850235 
A.terreus_GES61775.1        0.3155725 1.1011593 1.0581940 1.0695977 0.3643082 1.8457046 1.6270105 1.1922705 0.3105387 1.0368654 1.4548144 0.2593844 1.0875128 1.8046471 0.2601725 1.0875128 1.8046471 1.0347299 0.0000000 1.0179633 1.8532050 1.0555819 
A.terreus_GES60941.1        1.0170800 0.5955451 0.6897363 0.6931990 1.0699532 1.8508272 1.5965655 0.7444430 1.0584245 0.5167558 1.4848720 1.0203119 0.6889534 1.8098330 1.0215334 0.6889534 1.8098330 0.5162693 1.0179633 0.0000000 1.8361154 0.6454683 
A.terreus_GES59806.1        1.9521471 1.9358504 1.8175487 1.8001674 1.9722077 0.2368148 2.2293228 1.8644054 1.8459358 1.7553578 2.0207914 1.8930486 1.8274961 0.4998521 1.8993085 1.8274961 0.4998521 1.7489432 1.8532050 1.8361154 0.0000000 1.7936846 
A.terreus_GES58595.1        1.0487397 0.7298731 0.4098355 0.3202685 1.1104962 1.7625573 1.6971602 0.3876383 1.0692848 0.5855906 1.5519279 1.0808172 0.2602424 1.8860846 1.0830087 0.2602424 1.8860846 0.5850235 1.0555819 0.6454683 1.7936846 0.0000000 
